This is the 3 state sim input file component for testing a N to U to I on-pathway model.
3 10000
0 0.0010460353203000001 0.001420541793
42.443058438000016 0 0
3.897434200000003 0 0
13.82976 17.81618 10.25214 31.98565 8.08525 50.21282 229.5169 50.21282 5.873272 44.75222 22.6441 4.835063 9.62117 4.633894 4.31084 12.14513 8.143566 16.36614 7.844439 4.31084 8.725988 15.87869 25.3838 10.88613 29.5675 109.8537 111.5647 8.687206 58.99492 113.91728 16.38916 11.08056 13.82976 3.082337 13.51496
15 12 0
227.49 365.49142857142857 451.5580000000001 557.8763636363636 689.5079999999998 856.5833333333333 1054.0285714285712 1302.108571428571 1614.538125 1923.8628571428571
6845 35 2.1384000000000004E-5 11729.18 7 3.6 1500
Default Default D Height
