Thread k12 k21 NumberProtectedinState1 kbreathe GoF
0.0 0.0011 2.0 35.0 0.0 0.7408904821371096
0.0 9.000000000000001E-4 2.0 35.0 0.0 0.6580462845637078
0.0 0.0011 2.2 35.0 0.0 0.7470699161124568
0.0 0.0011 1.8 35.0 0.0 0.7355669842376753
0.0 0.0012100000000000001 2.2 35.0 0.0 0.7710093378930583
0.0 9.9E-4 2.2 35.0 0.0 0.6965958544028792
0.0 0.0012100000000000001 2.4200000000000004 35.0 0.0 0.7839817157752618
0.0 0.0012100000000000001 1.9800000000000002 35.0 0.0 0.7723391462701626
0.0 0.0013310000000000002 2.4200000000000004 35.0 0.0 0.8047472069312379
0.0 0.0010890000000000001 2.4200000000000004 35.0 0.0 0.7385590973626621
0.0 0.0013310000000000002 2.662000000000001 35.0 0.0 0.810737508032807
0.0 0.0013310000000000002 2.1780000000000004 35.0 0.0 0.797612028920337
0.0 0.0014641000000000003 2.662000000000001 35.0 0.0 0.8276746696954835
0.0 0.0011979000000000002 2.662000000000001 35.0 0.0 0.7815647566372212
0.0 0.0014641000000000003 2.9282000000000012 35.0 0.0 0.8334545135676025
0.0 0.0014641000000000003 2.395800000000001 35.0 0.0 0.8184821294655231
0.0 0.0016105100000000005 2.9282000000000012 35.0 0.0 0.8415480455207196
0.0 0.0013176900000000003 2.9282000000000012 35.0 0.0 0.820151680321471
0.0 0.0016105100000000005 3.2210200000000015 35.0 0.0 0.8504843429779324
0.0 0.0016105100000000005 2.6353800000000014 35.0 0.0 0.8316450063433194
0.0 0.0017715610000000007 3.2210200000000015 35.0 0.0 0.8504250735993477
0.0 0.0014494590000000006 3.2210200000000015 35.0 0.0 0.8360293441319178
0.0 0.0016105100000000005 3.543122000000002 35.0 0.0 0.8545651587468941
0.0 0.0016105100000000005 2.8989180000000014 35.0 0.0 0.8421625442530228
0.0 0.0017715610000000007 3.543122000000002 35.0 0.0 0.8609295466526932
0.0 0.0014494590000000006 3.543122000000002 35.0 0.0 0.8430092847876854
0.0 0.0017715610000000007 3.897434200000003 35.0 0.0 0.872600813546342
0.0 0.0017715610000000007 3.188809800000002 35.0 0.0 0.851985636172919
0.0 0.0019487171000000009 3.897434200000003 35.0 0.0 0.8648209988257414
0.0 0.0015944049000000007 3.897434200000003 35.0 0.0 0.8657635592856238
0.0 0.0017715610000000007 4.287177620000003 35.0 0.0 0.8772865141533834
0.0 0.0017715610000000007 3.5076907800000026 35.0 0.0 0.8605867548344024
0.0 0.0019487171000000009 4.287177620000003 35.0 0.0 0.8786431539053309
0.0 0.0015944049000000007 4.287177620000003 35.0 0.0 0.8705419801287453
0.0 0.0019487171000000009 4.715895382000004 35.0 0.0 0.884421892907596
0.0 0.0019487171000000009 3.858459858000003 35.0 0.0 0.8692475499904688
0.0 0.002143588810000001 4.715895382000004 35.0 0.0 0.8779248507393371
0.0 0.0017538453900000008 4.715895382000004 35.0 0.0 0.8845691172521745
0.0 0.0017538453900000008 5.187484920200005 35.0 0.0 0.8901138468758146
0.0 0.0017538453900000008 4.244305843800004 35.0 0.0 0.876061445868411
0.0 0.001929229929000001 5.187484920200005 35.0 0.0 0.8952385063956381
0.0 0.0015784608510000008 5.187484920200005 35.0 0.0 0.8779732383986127
0.0 0.001929229929000001 5.706233412220006 35.0 0.0 0.9006052985493875
0.0 0.001929229929000001 4.668736428180004 35.0 0.0 0.8851446528600818
0.0 0.002122152921900001 5.706233412220006 35.0 0.0 0.8990973521558516
0.0 0.0017363069361000009 5.706233412220006 35.0 0.0 0.8960867244315313
0.0 0.001929229929000001 6.276856753442007 35.0 0.0 0.9085690459735901
0.0 0.001929229929000001 5.1356100709980055 35.0 0.0 0.894329320202161
0.0 0.002122152921900001 6.276856753442007 35.0 0.0 0.9073093894514859
0.0 0.0017363069361000009 6.276856753442007 35.0 0.0 0.9033646487223241
0.0 0.001929229929000001 6.9045424287862085 35.0 0.0 0.9133028783663479
0.0 0.001929229929000001 5.649171078097806 35.0 0.0 0.901030156789836
0.0 0.002122152921900001 6.9045424287862085 35.0 0.0 0.9154427280502622
0.0 0.0017363069361000009 6.9045424287862085 35.0 0.0 0.8978977112646371
0.0 0.002122152921900001 7.59499667166483 35.0 0.0 0.9213284642522517
0.0 0.002122152921900001 6.214088185907587 35.0 0.0 0.9070362304675657
0.0 0.0023343682140900017 7.59499667166483 35.0 0.0 0.917381814938363
0.0 0.0019099376297100012 7.59499667166483 35.0 0.0 0.9139609956522673
0.0 0.002122152921900001 8.354496338831312 35.0 0.0 0.9224742512571183
0.0 0.002122152921900001 6.835497004498347 35.0 0.0 0.9124194085792962
0.0 0.0023343682140900017 8.354496338831312 35.0 0.0 0.9235774750976268
0.0 0.0019099376297100012 8.354496338831312 35.0 0.0 0.9150460310344389
0.0 0.0023343682140900017 9.189945972714444 35.0 0.0 0.925741744412656
0.0 0.0023343682140900017 7.519046704948181 35.0 0.0 0.917570983030604
0.0 0.002567805035499002 9.189945972714444 35.0 0.0 0.9226175373545911
0.0 0.0021009313926810018 9.189945972714444 35.0 0.0 0.9244112433078342
0.0 0.0023343682140900017 10.108940569985888 35.0 0.0 0.9285121916101509
0.0 0.0023343682140900017 8.270951375443 35.0 0.0 0.922837228034268
0.0 0.002567805035499002 10.108940569985888 35.0 0.0 0.9262837784415303
0.0 0.0021009313926810018 10.108940569985888 35.0 0.0 0.920685727021071
0.0 0.0023343682140900017 11.119834626984478 35.0 0.0 0.9258500253910806
0.0 0.0023343682140900017 9.098046512987299 35.0 0.0 0.9264321667238614
0.0 0.002567805035499002 10.108940569985888 35.0 0.0 0.9270411038515125
0.0 0.0021009313926810018 10.108940569985888 35.0 0.0 0.9197294589418674
0.0 0.0023343682140900017 11.119834626984478 35.0 0.0 0.9264614653475367
0.0 0.0023343682140900017 9.098046512987299 35.0 0.0 0.9280848755645665
1.0 0.0011 10.0 35.0 0.0 0.6626793327961595
1.0 9.000000000000001E-4 10.0 35.0 0.0 0.5240504098447976
1.0 0.0011 11.0 35.0 0.0 0.6396136011287159
1.0 0.0011 9.0 35.0 0.0 0.6978164397349702
1.0 0.0012100000000000001 9.0 35.0 0.0 0.7463217583666335
1.0 9.9E-4 9.0 35.0 0.0 0.6348936914100747
1.0 0.0012100000000000001 9.9 35.0 0.0 0.7210400843468172
1.0 0.0012100000000000001 8.1 35.0 0.0 0.770915629634874
1.0 0.0013310000000000002 8.1 35.0 0.0 0.8050546969186959
1.0 0.0010890000000000001 8.1 35.0 0.0 0.6991602610348189
1.0 0.0013310000000000002 8.91 35.0 0.0 0.8033124975315655
1.0 0.0013310000000000002 7.29 35.0 0.0 0.8192489276506333
1.0 0.0014641000000000003 7.29 35.0 0.0 0.8519244418330773
1.0 0.0011979000000000002 7.29 35.0 0.0 0.7635290906339237
1.0 0.0014641000000000003 8.019 35.0 0.0 0.8532896521976319
1.0 0.0014641000000000003 6.561 35.0 0.0 0.8581100040437013
1.0 0.0016105100000000005 6.561 35.0 0.0 0.8854858192344688
1.0 0.0013176900000000003 6.561 35.0 0.0 0.8234046313297483
1.0 0.0016105100000000005 7.2171 35.0 0.0 0.8840065247807734
1.0 0.0016105100000000005 5.9049000000000005 35.0 0.0 0.8875403829441234
1.0 0.0017715610000000007 5.9049000000000005 35.0 0.0 0.9014865661069216
1.0 0.0014494590000000006 5.9049000000000005 35.0 0.0 0.8606351320356923
1.0 0.0017715610000000007 6.495390000000001 35.0 0.0 0.9039845822458732
1.0 0.0017715610000000007 5.3144100000000005 35.0 0.0 0.8911079679465621
1.0 0.0019487171000000009 6.495390000000001 35.0 0.0 0.9088373312621867
1.0 0.0015944049000000007 6.495390000000001 35.0 0.0 0.8876067448894286
1.0 0.0019487171000000009 7.144929000000002 35.0 0.0 0.9155280762665017
1.0 0.0019487171000000009 5.8458510000000015 35.0 0.0 0.9040343570653813
1.0 0.002143588810000001 7.144929000000002 35.0 0.0 0.9170733903062647
1.0 0.0017538453900000008 7.144929000000002 35.0 0.0 0.904057782553121
1.0 0.002143588810000001 7.859421900000003 35.0 0.0 0.9215741638406941
1.0 0.002143588810000001 6.430436100000002 35.0 0.0 0.9132781375609856
1.0 0.0023579476910000016 7.859421900000003 35.0 0.0 0.9188663972211295
1.0 0.001929229929000001 7.859421900000003 35.0 0.0 0.9159122681179455
1.0 0.002143588810000001 8.645364090000003 35.0 0.0 0.9226388200007886
1.0 0.002143588810000001 7.073479710000003 35.0 0.0 0.9162609741969235
1.0 0.0023579476910000016 8.645364090000003 35.0 0.0 0.9247942778470826
1.0 0.001929229929000001 8.645364090000003 35.0 0.0 0.9138387660061593
1.0 0.0023579476910000016 9.509900499000004 35.0 0.0 0.9259099500529128
1.0 0.0023579476910000016 7.7808276810000025 35.0 0.0 0.9175039730511081
1.0 0.002593742460100002 9.509900499000004 35.0 0.0 0.9197461432736329
1.0 0.0021221529219000016 9.509900499000004 35.0 0.0 0.9243740471230321
1.0 0.0023579476910000016 10.460890548900005 35.0 0.0 0.9275595576714996
1.0 0.0023579476910000016 8.558910449100004 35.0 0.0 0.9225769064029962
1.0 0.002593742460100002 10.460890548900005 35.0 0.0 0.9237707329437408
1.0 0.0021221529219000016 10.460890548900005 35.0 0.0 0.919440099835638
1.0 0.0023579476910000016 11.506979603790008 35.0 0.0 0.9255631033541487
1.0 0.0023579476910000016 9.414801494010005 35.0 0.0 0.9273675923724262
1.0 0.002593742460100002 10.460890548900005 35.0 0.0 0.9274049135665469
1.0 0.0021221529219000016 10.460890548900005 35.0 0.0 0.9198828591217525
1.0 0.0023579476910000016 11.506979603790008 35.0 0.0 0.9286931997552977
1.0 0.0023579476910000016 9.414801494010005 35.0 0.0 0.9256849038415287
1.0 0.002593742460100002 11.506979603790008 35.0 0.0 0.9272451073474899
1.0 0.0021221529219000016 11.506979603790008 35.0 0.0 0.9163355935102695
1.0 0.0023579476910000016 12.65767756416901 35.0 0.0 0.9222787122232293
1.0 0.0023579476910000016 10.356281643411007 35.0 0.0 0.9293190569267715
1.0 0.002593742460100002 10.356281643411007 35.0 0.0 0.924931614072974
1.0 0.0021221529219000016 10.356281643411007 35.0 0.0 0.920758251213277
1.0 0.0023579476910000016 11.391909807752109 35.0 0.0 0.926156123122462
1.0 0.0023579476910000016 9.320653479069907 35.0 0.0 0.9288344969802605
1.0 0.002593742460100002 10.356281643411007 35.0 0.0 0.9259469279078387
1.0 0.0021221529219000016 10.356281643411007 35.0 0.0 0.9207694894473959
1.0 0.0023579476910000016 11.391909807752109 35.0 0.0 0.9250583711310736
1.0 0.0023579476910000016 9.320653479069907 35.0 0.0 0.9258322304460925
2.0 0.0011 18.0 35.0 0.0 0.46711902073099076
2.0 9.000000000000001E-4 18.0 35.0 0.0 0.3298687336133568
2.0 0.0011 19.8 35.0 0.0 0.42521110375471416
2.0 0.0011 16.2 35.0 0.0 0.5128850342004887
2.0 0.0012100000000000001 16.2 35.0 0.0 0.5938506663830367
2.0 9.9E-4 16.2 35.0 0.0 0.4342250572208449
2.0 0.0012100000000000001 17.82 35.0 0.0 0.5399813917453931
2.0 0.0012100000000000001 14.58 35.0 0.0 0.6197996554054654
2.0 0.0013310000000000002 14.58 35.0 0.0 0.6775204877409549
2.0 0.0010890000000000001 14.58 35.0 0.0 0.5549924000651272
2.0 0.0013310000000000002 16.038 35.0 0.0 0.6398506552999836
2.0 0.0013310000000000002 13.122 35.0 0.0 0.7053799707956505
2.0 0.0014641000000000003 13.122 35.0 0.0 0.7668969699949708
2.0 0.0011979000000000002 13.122 35.0 0.0 0.6550203566173989
2.0 0.0014641000000000003 14.4342 35.0 0.0 0.739083070779369
2.0 0.0014641000000000003 11.809800000000001 35.0 0.0 0.7907946087135204
2.0 0.0016105100000000005 11.809800000000001 35.0 0.0 0.8343655723403536
2.0 0.0013176900000000003 11.809800000000001 35.0 0.0 0.7292442549491711
2.0 0.0016105100000000005 12.990780000000003 35.0 0.0 0.8102046878806524
2.0 0.0016105100000000005 10.628820000000001 35.0 0.0 0.8512875550156204
2.0 0.0017715610000000007 10.628820000000001 35.0 0.0 0.8834284261886818
2.0 0.0014494590000000006 10.628820000000001 35.0 0.0 0.8056173392244145
2.0 0.0017715610000000007 11.691702000000003 35.0 0.0 0.8681234221458198
2.0 0.0017715610000000007 9.565938000000001 35.0 0.0 0.8951053397993533
2.0 0.0019487171000000009 9.565938000000001 35.0 0.0 0.9164403361845223
2.0 0.0015944049000000007 9.565938000000001 35.0 0.0 0.856280761612568
2.0 0.0019487171000000009 10.522531800000001 35.0 0.0 0.9051801273358081
2.0 0.0019487171000000009 8.6093442 35.0 0.0 0.9154991905754903
2.0 0.002143588810000001 9.565938000000001 35.0 0.0 0.9236323522506025
2.0 0.0017538453900000008 9.565938000000001 35.0 0.0 0.8895459661106122
2.0 0.002143588810000001 10.522531800000001 35.0 0.0 0.9229576997600759
2.0 0.002143588810000001 8.6093442 35.0 0.0 0.9249353837243214
2.0 0.0023579476910000016 8.6093442 35.0 0.0 0.9222787113599688
2.0 0.001929229929000001 8.6093442 35.0 0.0 0.9128048257830066
2.0 0.002143588810000001 9.470278620000002 35.0 0.0 0.9249153305382887
2.0 0.002143588810000001 7.748409780000001 35.0 0.0 0.9204644912786125
2.0 0.0023579476910000016 8.6093442 35.0 0.0 0.9243693792414841
2.0 0.001929229929000001 8.6093442 35.0 0.0 0.9135542337504576
2.0 0.002143588810000001 9.470278620000002 35.0 0.0 0.9275039101463537
2.0 0.002143588810000001 7.748409780000001 35.0 0.0 0.919693528881502
2.0 0.0023579476910000016 9.470278620000002 35.0 0.0 0.9266936691349223
2.0 0.001929229929000001 9.470278620000002 35.0 0.0 0.9100280630640252
2.0 0.002143588810000001 10.417306482000003 35.0 0.0 0.9212720719105564
2.0 0.002143588810000001 8.523250758000001 35.0 0.0 0.9251956973779561
2.0 0.0023579476910000016 9.470278620000002 35.0 0.0 0.9272741841635488
2.0 0.001929229929000001 9.470278620000002 35.0 0.0 0.9066709867048554
2.0 0.002143588810000001 10.417306482000003 35.0 0.0 0.9182919232034732
2.0 0.002143588810000001 8.523250758000001 35.0 0.0 0.9226800528122604
3.0 0.0022 2.0 35.0 0.0 0.7775855395817434
3.0 0.0018000000000000002 2.0 35.0 0.0 0.8033879794473511
3.0 0.0018000000000000002 2.2 35.0 0.0 0.815990764754822
3.0 0.0018000000000000002 1.8 35.0 0.0 0.7961788848013235
3.0 0.0019800000000000004 2.2 35.0 0.0 0.8029797585010593
3.0 0.0016200000000000001 2.2 35.0 0.0 0.8158444361390693
3.0 0.0018000000000000002 2.4200000000000004 35.0 0.0 0.8221907511523947
3.0 0.0018000000000000002 1.9800000000000002 35.0 0.0 0.8063090061358397
3.0 0.0019800000000000004 2.4200000000000004 35.0 0.0 0.8148832485775119
3.0 0.0016200000000000001 2.4200000000000004 35.0 0.0 0.8263302380454163
3.0 0.0016200000000000001 2.662000000000001 35.0 0.0 0.8329337440230009
3.0 0.0016200000000000001 2.1780000000000004 35.0 0.0 0.8138614166675663
3.0 0.0017820000000000004 2.662000000000001 35.0 0.0 0.8353873992717251
3.0 0.001458 2.662000000000001 35.0 0.0 0.8238506164924053
3.0 0.0017820000000000004 2.9282000000000012 35.0 0.0 0.8417141006740874
3.0 0.0017820000000000004 2.395800000000001 35.0 0.0 0.8210608206090938
3.0 0.0019602000000000005 2.9282000000000012 35.0 0.0 0.8338891863839476
3.0 0.0016038000000000003 2.9282000000000012 35.0 0.0 0.844083012577927
3.0 0.0016038000000000003 3.2210200000000015 35.0 0.0 0.8542316023708169
3.0 0.0016038000000000003 2.6353800000000014 35.0 0.0 0.8335724655554858
3.0 0.0017641800000000004 3.2210200000000015 35.0 0.0 0.8530014388599078
3.0 0.0014434200000000004 3.2210200000000015 35.0 0.0 0.8366171888496768
3.0 0.0016038000000000003 3.543122000000002 35.0 0.0 0.8589730874843626
3.0 0.0016038000000000003 2.8989180000000014 35.0 0.0 0.8403484006914832
3.0 0.0017641800000000004 3.543122000000002 35.0 0.0 0.8627552789618458
3.0 0.0014434200000000004 3.543122000000002 35.0 0.0 0.8449948945888327
3.0 0.0017641800000000004 3.897434200000003 35.0 0.0 0.8652143470797491
3.0 0.0017641800000000004 3.188809800000002 35.0 0.0 0.8512600181299358
3.0 0.0019405980000000006 3.897434200000003 35.0 0.0 0.8671339445211438
3.0 0.0015877620000000004 3.897434200000003 35.0 0.0 0.8630066621340879
3.0 0.0019405980000000006 4.287177620000003 35.0 0.0 0.8751163396982418
3.0 0.0019405980000000006 3.5076907800000026 35.0 0.0 0.857505355766429
3.0 0.002134657800000001 4.287177620000003 35.0 0.0 0.8704379484231612
3.0 0.0017465382000000007 4.287177620000003 35.0 0.0 0.8761996708378383
3.0 0.0017465382000000007 4.715895382000004 35.0 0.0 0.8848844483376064
3.0 0.0017465382000000007 3.858459858000003 35.0 0.0 0.8692108682402631
3.0 0.001921192020000001 4.715895382000004 35.0 0.0 0.8887036876133463
3.0 0.0015718843800000006 4.715895382000004 35.0 0.0 0.874035612740984
3.0 0.001921192020000001 5.187484920200005 35.0 0.0 0.8944306261582856
3.0 0.001921192020000001 4.244305843800004 35.0 0.0 0.8793016202038252
3.0 0.0021133112220000014 5.187484920200005 35.0 0.0 0.8874670601875725
3.0 0.001729072818000001 5.187484920200005 35.0 0.0 0.8908808134654429
3.0 0.001921192020000001 5.706233412220006 35.0 0.0 0.9027438562875977
3.0 0.001921192020000001 4.668736428180004 35.0 0.0 0.8857810918774993
3.0 0.0021133112220000014 5.706233412220006 35.0 0.0 0.9031517141690109
3.0 0.001729072818000001 5.706233412220006 35.0 0.0 0.8974237766548097
3.0 0.0021133112220000014 6.276856753442007 35.0 0.0 0.9071121369043148
3.0 0.0021133112220000014 5.1356100709980055 35.0 0.0 0.8893007459303874
3.0 0.002324642344200002 6.276856753442007 35.0 0.0 0.898506038035166
3.0 0.0019019800998000013 6.276856753442007 35.0 0.0 0.9067732123090445
3.0 0.0021133112220000014 6.9045424287862085 35.0 0.0 0.915439873739053
3.0 0.0021133112220000014 5.649171078097806 35.0 0.0 0.8989173908380549
3.0 0.002324642344200002 6.9045424287862085 35.0 0.0 0.9090086145298968
3.0 0.0019019800998000013 6.9045424287862085 35.0 0.0 0.9121709138621112
3.0 0.0021133112220000014 7.59499667166483 35.0 0.0 0.9179107109305034
3.0 0.0021133112220000014 6.214088185907587 35.0 0.0 0.9075607724032857
3.0 0.002324642344200002 7.59499667166483 35.0 0.0 0.9189479856575626
3.0 0.0019019800998000013 7.59499667166483 35.0 0.0 0.9148303160215641
3.0 0.002324642344200002 8.354496338831312 35.0 0.0 0.9231337073737922
3.0 0.002324642344200002 6.835497004498347 35.0 0.0 0.908870168532393
3.0 0.002557106578620002 8.354496338831312 35.0 0.0 0.9136195334512787
3.0 0.0020921781097800016 8.354496338831312 35.0 0.0 0.9211068059214923
3.0 0.002324642344200002 9.189945972714444 35.0 0.0 0.926465271987236
3.0 0.002324642344200002 7.519046704948181 35.0 0.0 0.914798935390466
3.0 0.002557106578620002 9.189945972714444 35.0 0.0 0.9219593202360168
3.0 0.0020921781097800016 9.189945972714444 35.0 0.0 0.9234685996771839
3.0 0.002324642344200002 10.108940569985888 35.0 0.0 0.9287209344060119
3.0 0.002324642344200002 8.270951375443 35.0 0.0 0.9226385710588089
3.0 0.002557106578620002 10.108940569985888 35.0 0.0 0.9262434842708154
3.0 0.0020921781097800016 10.108940569985888 35.0 0.0 0.9235710381983344
3.0 0.002324642344200002 11.119834626984478 35.0 0.0 0.9260944082359153
3.0 0.002324642344200002 9.098046512987299 35.0 0.0 0.9267359590893784
3.0 0.002557106578620002 10.108940569985888 35.0 0.0 0.9265952598302449
3.0 0.0020921781097800016 10.108940569985888 35.0 0.0 0.9213980606759495
3.0 0.002324642344200002 11.119834626984478 35.0 0.0 0.9264815012926076
3.0 0.002324642344200002 9.098046512987299 35.0 0.0 0.9265405020727324
4.0 0.0022 10.0 35.0 0.0 0.9241991201521587
4.0 0.0018000000000000002 10.0 35.0 0.0 0.8903596837488563
4.0 0.0022 11.0 35.0 0.0 0.9208372506560645
4.0 0.0022 9.0 35.0 0.0 0.924469665156733
4.0 0.0024200000000000003 9.0 35.0 0.0 0.924395951015972
4.0 0.00198 9.0 35.0 0.0 0.9172749827025679
4.0 0.0022 9.9 35.0 0.0 0.9263384875592326
4.0 0.0022 8.1 35.0 0.0 0.923554055381604
4.0 0.0024200000000000003 9.9 35.0 0.0 0.9254804174660748
4.0 0.00198 9.9 35.0 0.0 0.9133289404962669
4.0 0.0022 10.89 35.0 0.0 0.9209905877650281
4.0 0.0022 8.91 35.0 0.0 0.9264685150279302
4.0 0.0024200000000000003 8.91 35.0 0.0 0.9224537488497281
4.0 0.00198 8.91 35.0 0.0 0.9163164170555045
4.0 0.0022 9.801 35.0 0.0 0.9256358244318622
4.0 0.0022 8.019 35.0 0.0 0.9223601880208417
4.0 0.0024200000000000003 8.91 35.0 0.0 0.9229904078707839
4.0 0.00198 8.91 35.0 0.0 0.917491015045416
4.0 0.0022 9.801 35.0 0.0 0.927594362623508
4.0 0.0022 8.019 35.0 0.0 0.9221173475463567
4.0 0.0024200000000000003 9.801 35.0 0.0 0.927798283286678
4.0 0.00198 9.801 35.0 0.0 0.9150778418210962
4.0 0.0024200000000000003 10.7811 35.0 0.0 0.9274331526376297
4.0 0.0024200000000000003 8.8209 35.0 0.0 0.9227648518409978
4.0 0.0026620000000000003 9.801 35.0 0.0 0.9228502313848679
4.0 0.0021780000000000002 9.801 35.0 0.0 0.9243788483682926
4.0 0.0024200000000000003 10.7811 35.0 0.0 0.9283227153679107
4.0 0.0024200000000000003 8.8209 35.0 0.0 0.9260706927872964
4.0 0.0026620000000000003 10.7811 35.0 0.0 0.9261310018540237
4.0 0.0021780000000000002 10.7811 35.0 0.0 0.9226346366766741
4.0 0.0024200000000000003 11.859210000000001 35.0 0.0 0.9247268559259144
4.0 0.0024200000000000003 9.70299 35.0 0.0 0.9286920953328519
4.0 0.0026620000000000003 9.70299 35.0 0.0 0.9199557055709695
4.0 0.0021780000000000002 9.70299 35.0 0.0 0.9244654957095195
4.0 0.0024200000000000003 10.673289 35.0 0.0 0.9276849961894661
4.0 0.0024200000000000003 8.732691 35.0 0.0 0.924344945115361
4.0 0.0026620000000000003 9.70299 35.0 0.0 0.9217343901789704
4.0 0.0021780000000000002 9.70299 35.0 0.0 0.9230425416679877
4.0 0.0024200000000000003 10.673289 35.0 0.0 0.9286207744607448
4.0 0.0024200000000000003 8.732691 35.0 0.0 0.9223953625384671
5.0 0.0022 18.0 35.0 0.0 0.8432522365683343
5.0 0.0018000000000000002 18.0 35.0 0.0 0.7641056693163053
5.0 0.0022 19.8 35.0 0.0 0.818069539209463
5.0 0.0022 16.2 35.0 0.0 0.8731268998918382
5.0 0.0024200000000000003 16.2 35.0 0.0 0.892622759116231
5.0 0.00198 16.2 35.0 0.0 0.8349573813801483
5.0 0.0024200000000000003 17.82 35.0 0.0 0.8712043050330848
5.0 0.0024200000000000003 14.58 35.0 0.0 0.911435048196791
5.0 0.0026620000000000003 14.58 35.0 0.0 0.9182700556571873
5.0 0.0021780000000000002 14.58 35.0 0.0 0.8946319408775131
5.0 0.0026620000000000003 16.038 35.0 0.0 0.9058735574111509
5.0 0.0026620000000000003 13.122 35.0 0.0 0.9264511208311111
5.0 0.0029282000000000006 13.122 35.0 0.0 0.9255325638539675
5.0 0.0023958000000000004 13.122 35.0 0.0 0.9155669541689
5.0 0.0026620000000000003 14.4342 35.0 0.0 0.9204377971533004
5.0 0.0026620000000000003 11.809800000000001 35.0 0.0 0.9263645086648125
5.0 0.0029282000000000006 13.122 35.0 0.0 0.9251401453949974
5.0 0.0023958000000000004 13.122 35.0 0.0 0.9196445554399325
5.0 0.0026620000000000003 14.4342 35.0 0.0 0.9197495427934108
5.0 0.0026620000000000003 11.809800000000001 35.0 0.0 0.928370594862405
5.0 0.0029282000000000006 11.809800000000001 35.0 0.0 0.9215571843628432
5.0 0.0023958000000000004 11.809800000000001 35.0 0.0 0.9241701005950328
5.0 0.0026620000000000003 12.990780000000003 35.0 0.0 0.9249343342495236
5.0 0.0026620000000000003 10.628820000000001 35.0 0.0 0.9259805933533324
5.0 0.0029282000000000006 11.809800000000001 35.0 0.0 0.9218758245390338
5.0 0.0023958000000000004 11.809800000000001 35.0 0.0 0.923012484031416
5.0 0.0026620000000000003 12.990780000000003 35.0 0.0 0.9274286011635103
5.0 0.0026620000000000003 10.628820000000001 35.0 0.0 0.9275771107393604
6.0 0.0033000000000000004 2.0 35.0 0.0 0.6648226149559422
6.0 0.0027 2.0 35.0 0.0 0.7209728325117853
6.0 0.0027 2.2 35.0 0.0 0.7301474986272904
6.0 0.0027 1.8 35.0 0.0 0.7144997053742816
6.0 0.0029700000000000004 2.2 35.0 0.0 0.7059621832430869
6.0 0.0024300000000000003 2.2 35.0 0.0 0.7635343463691235
6.0 0.0024300000000000003 2.4200000000000004 35.0 0.0 0.7731346912855623
6.0 0.0024300000000000003 1.9800000000000002 35.0 0.0 0.753101513277776
6.0 0.0026730000000000005 2.4200000000000004 35.0 0.0 0.7457089183516539
6.0 0.002187 2.4200000000000004 35.0 0.0 0.7958458712972882
6.0 0.002187 2.662000000000001 35.0 0.0 0.8114158145062216
6.0 0.002187 2.1780000000000004 35.0 0.0 0.7833705863770748
6.0 0.0024057 2.662000000000001 35.0 0.0 0.7887811327136789
6.0 0.0019683 2.662000000000001 35.0 0.0 0.8250161153051077
6.0 0.0019683 2.9282000000000012 35.0 0.0 0.8319370381190434
6.0 0.0019683 2.395800000000001 35.0 0.0 0.809083818260627
6.0 0.0021651300000000004 2.9282000000000012 35.0 0.0 0.8163234188794383
6.0 0.00177147 2.9282000000000012 35.0 0.0 0.8442324179514087
6.0 0.00177147 3.2210200000000015 35.0 0.0 0.8507009245883688
6.0 0.00177147 2.6353800000000014 35.0 0.0 0.829900136066569
6.0 0.0019486170000000001 3.2210200000000015 35.0 0.0 0.8477548429138749
6.0 0.0015943230000000001 3.2210200000000015 35.0 0.0 0.8475648551621855
6.0 0.00177147 3.543122000000002 35.0 0.0 0.8603633674360819
6.0 0.00177147 2.8989180000000014 35.0 0.0 0.8411021494541169
6.0 0.0019486170000000001 3.543122000000002 35.0 0.0 0.8559017217167822
6.0 0.0015943230000000001 3.543122000000002 35.0 0.0 0.8573904425910858
6.0 0.00177147 3.897434200000003 35.0 0.0 0.8703384975822548
6.0 0.00177147 3.188809800000002 35.0 0.0 0.8540074439851978
6.0 0.0019486170000000001 3.897434200000003 35.0 0.0 0.8629208189696882
6.0 0.0015943230000000001 3.897434200000003 35.0 0.0 0.8636419876468325
6.0 0.00177147 4.287177620000003 35.0 0.0 0.876873989160237
6.0 0.00177147 3.5076907800000026 35.0 0.0 0.8629697097636002
6.0 0.0019486170000000001 4.287177620000003 35.0 0.0 0.8765285392910307
6.0 0.0015943230000000001 4.287177620000003 35.0 0.0 0.8685261384517
6.0 0.00177147 4.715895382000004 35.0 0.0 0.8834156640846522
6.0 0.00177147 3.858459858000003 35.0 0.0 0.8716835917088268
6.0 0.0019486170000000001 4.715895382000004 35.0 0.0 0.8868705699664645
6.0 0.0015943230000000001 4.715895382000004 35.0 0.0 0.8763128707365384
6.0 0.0019486170000000001 5.187484920200005 35.0 0.0 0.89739025812459
6.0 0.0019486170000000001 4.244305843800004 35.0 0.0 0.8751370803184229
6.0 0.0021434787 5.187484920200005 35.0 0.0 0.8899452764142327
6.0 0.0017537553000000002 5.187484920200005 35.0 0.0 0.891873202059864
6.0 0.0019486170000000001 5.706233412220006 35.0 0.0 0.9036124680258265
6.0 0.0019486170000000001 4.668736428180004 35.0 0.0 0.8849985980658794
6.0 0.0021434787 5.706233412220006 35.0 0.0 0.8964513738548482
6.0 0.0017537553000000002 5.706233412220006 35.0 0.0 0.8974159972572494
6.0 0.0019486170000000001 6.276856753442007 35.0 0.0 0.9107741589273729
6.0 0.0019486170000000001 5.1356100709980055 35.0 0.0 0.8942058178331823
6.0 0.0021434787 6.276856753442007 35.0 0.0 0.90686747137253
6.0 0.0017537553000000002 6.276856753442007 35.0 0.0 0.9019849104043562
6.0 0.0019486170000000001 6.9045424287862085 35.0 0.0 0.9159344776353646
6.0 0.0019486170000000001 5.649171078097806 35.0 0.0 0.9017333848829666
6.0 0.0021434787 6.9045424287862085 35.0 0.0 0.9146426745667305
6.0 0.0017537553000000002 6.9045424287862085 35.0 0.0 0.9011892059590025
6.0 0.0019486170000000001 7.59499667166483 35.0 0.0 0.915559733122221
6.0 0.0019486170000000001 6.214088185907587 35.0 0.0 0.9089901820970101
6.0 0.0021434787 6.9045424287862085 35.0 0.0 0.913691614962037
6.0 0.0017537553000000002 6.9045424287862085 35.0 0.0 0.9040362369365428
6.0 0.0019486170000000001 7.59499667166483 35.0 0.0 0.918653297870234
6.0 0.0019486170000000001 6.214088185907587 35.0 0.0 0.9082668193384713
6.0 0.0021434787 7.59499667166483 35.0 0.0 0.9207247437198709
6.0 0.0017537553000000002 7.59499667166483 35.0 0.0 0.9008967651175073
6.0 0.0021434787 8.354496338831312 35.0 0.0 0.9247804624312767
6.0 0.0021434787 6.835497004498347 35.0 0.0 0.9132993110349623
6.0 0.0023578265700000003 8.354496338831312 35.0 0.0 0.9224229802862229
6.0 0.0019291308300000002 8.354496338831312 35.0 0.0 0.9150026546271973
6.0 0.0021434787 9.189945972714444 35.0 0.0 0.9262949406439708
6.0 0.0021434787 7.519046704948181 35.0 0.0 0.917117210683001
6.0 0.0023578265700000003 9.189945972714444 35.0 0.0 0.9274347695382876
6.0 0.0019291308300000002 9.189945972714444 35.0 0.0 0.9115711183231023
6.0 0.0023578265700000003 10.108940569985888 35.0 0.0 0.9296248084817207
6.0 0.0023578265700000003 8.270951375443 35.0 0.0 0.9248983938801033
6.0 0.0025936092270000006 10.108940569985888 35.0 0.0 0.9258997378989273
6.0 0.0021220439130000004 10.108940569985888 35.0 0.0 0.9176401569841472
6.0 0.0023578265700000003 11.119834626984478 35.0 0.0 0.9262486606366865
6.0 0.0023578265700000003 9.098046512987299 35.0 0.0 0.9276375522209473
6.0 0.0025936092270000006 10.108940569985888 35.0 0.0 0.9244751161770046
6.0 0.0021220439130000004 10.108940569985888 35.0 0.0 0.9227582829678289
6.0 0.0023578265700000003 11.119834626984478 35.0 0.0 0.9260977812372737
6.0 0.0023578265700000003 9.098046512987299 35.0 0.0 0.9262900889858868
7.0 0.0033000000000000004 10.0 35.0 0.0 0.88634457238388
7.0 0.0027 10.0 35.0 0.0 0.9200524467341392
7.0 0.0027 11.0 35.0 0.0 0.9239652135758338
7.0 0.0027 9.0 35.0 0.0 0.9125007304961655
7.0 0.0029700000000000004 11.0 35.0 0.0 0.9157148416259053
7.0 0.0024300000000000003 11.0 35.0 0.0 0.9268432607996682
7.0 0.0024300000000000003 12.100000000000001 35.0 0.0 0.923897653403137
7.0 0.0024300000000000003 9.9 35.0 0.0 0.9274502937504661
7.0 0.0026730000000000005 9.9 35.0 0.0 0.9221779316444112
7.0 0.002187 9.9 35.0 0.0 0.926242992410178
7.0 0.0024300000000000003 10.89 35.0 0.0 0.9289680621712814
7.0 0.0024300000000000003 8.91 35.0 0.0 0.9234327494181486
7.0 0.0026730000000000005 10.89 35.0 0.0 0.9272882295794032
7.0 0.002187 10.89 35.0 0.0 0.9206957770564744
7.0 0.0024300000000000003 11.979000000000001 35.0 0.0 0.9248581836335935
7.0 0.0024300000000000003 9.801 35.0 0.0 0.9272808814521344
7.0 0.0026730000000000005 10.89 35.0 0.0 0.9264545767466484
7.0 0.002187 10.89 35.0 0.0 0.9227548885308658
7.0 0.0024300000000000003 11.979000000000001 35.0 0.0 0.9262041286435604
7.0 0.0024300000000000003 9.801 35.0 0.0 0.9281133074569996
8.0 0.0033000000000000004 18.0 35.0 0.0 0.9066180218828206
8.0 0.0027 18.0 35.0 0.0 0.8916654880411718
8.0 0.0033000000000000004 19.8 35.0 0.0 0.8986615002860494
8.0 0.0033000000000000004 16.2 35.0 0.0 0.9133928218313623
8.0 0.003630000000000001 16.2 35.0 0.0 0.902679135727807
8.0 0.0029700000000000004 16.2 35.0 0.0 0.9145575298445883
8.0 0.0029700000000000004 17.82 35.0 0.0 0.905066607053398
8.0 0.0029700000000000004 14.58 35.0 0.0 0.9192292180263124
8.0 0.003267000000000001 14.58 35.0 0.0 0.9151636663945969
8.0 0.0026730000000000005 14.58 35.0 0.0 0.9205119935770089
8.0 0.0026730000000000005 16.038 35.0 0.0 0.9094307666058088
8.0 0.0026730000000000005 13.122 35.0 0.0 0.9244875381589021
8.0 0.0029403000000000007 13.122 35.0 0.0 0.9227500539791358
8.0 0.0024057000000000006 13.122 35.0 0.0 0.9201260945539563
8.0 0.0026730000000000005 14.4342 35.0 0.0 0.9201458968519776
8.0 0.0026730000000000005 11.809800000000001 35.0 0.0 0.9264249778100118
8.0 0.0029403000000000007 11.809800000000001 35.0 0.0 0.9193113461640414
8.0 0.0024057000000000006 11.809800000000001 35.0 0.0 0.9261494627788863
8.0 0.0026730000000000005 12.990780000000003 35.0 0.0 0.9259500153921982
8.0 0.0026730000000000005 10.628820000000001 35.0 0.0 0.9229911543435623
8.0 0.0029403000000000007 11.809800000000001 35.0 0.0 0.92019297186328
8.0 0.0024057000000000006 11.809800000000001 35.0 0.0 0.9265901589842026
8.0 0.0024057000000000006 12.990780000000003 35.0 0.0 0.9204215503327438
8.0 0.0024057000000000006 10.628820000000001 35.0 0.0 0.9267800856007256
8.0 0.002646270000000001 10.628820000000001 35.0 0.0 0.924798984494433
8.0 0.002165130000000001 10.628820000000001 35.0 0.0 0.9235718546819385
8.0 0.0024057000000000006 11.691702000000003 35.0 0.0 0.9253267110077222
8.0 0.0024057000000000006 9.565938000000001 35.0 0.0 0.9267366889670874
8.0 0.002646270000000001 10.628820000000001 35.0 0.0 0.9255290400319662
8.0 0.002165130000000001 10.628820000000001 35.0 0.0 0.9188022251970105
8.0 0.0024057000000000006 11.691702000000003 35.0 0.0 0.9290472300349494
8.0 0.0024057000000000006 9.565938000000001 35.0 0.0 0.9275363388051074
8.0 0.002646270000000001 11.691702000000003 35.0 0.0 0.9283656237000187
8.0 0.002165130000000001 11.691702000000003 35.0 0.0 0.9125347170865822
8.0 0.0024057000000000006 12.860872200000005 35.0 0.0 0.9211014096519616
8.0 0.0024057000000000006 10.522531800000003 35.0 0.0 0.9278114993028312
8.0 0.002646270000000001 11.691702000000003 35.0 0.0 0.9269907084277995
8.0 0.002165130000000001 11.691702000000003 35.0 0.0 0.917445046054713
8.0 0.0024057000000000006 12.860872200000005 35.0 0.0 0.9208839497251847
8.0 0.0024057000000000006 10.522531800000003 35.0 0.0 0.9283239419824506
